99999999999999999999999999999999999999999999999999999999
11111111111111111111111119999999999999999999999999999999
91199999999999999999999999999999999999999999999999999999
99119999999999999999999999999999999999999999999999999999
99911999999999999999999999999999999999999999999999999999
99991199999999999999999999999999999999999999999999999999
99999119999999999999999999999999999999999999999999999999
99999911999999999999999999999999999999999999999999999999
99999991199999999999999999999999999999999999999999999999
99999999119999999999999999999999999999999999999999999999
99999999911999999999999999999999999999999999999999999999
99999999991199999999999999999999999999999999999999999999
99999999999119999999999999999999999999999999999999999999
99999999999911999999999999999999999999999999999999999999
99999999999991199999999999999999999999999999999999999999
99999999999999119999999999999999999999999999999999999999
99999999999999911999999999999999999999999999999999999999
99999999999999991199999999999999999999999999999999999999
99999999999999999119999999999999999999999999999999999999
99999999999999999911999999999999999999999999999999999999
99999999999999999991199999999999999999999999999999999999
99999999999999999999119999999999999999999999999999999999
99999999999999999999911999999999999999999999999999999999
99999999999999999999991199999999999999999999999999999999
99999999999999999999999119999999999999999999999999999999
99999999999999999999999911999999999999999999999999999999
99999999999999999999999991119999999999999999999999999999
99999999999999999999999999911199999999999999999999999999
99999999999999999999999999999111999991119999911199999999
99999999999999999999999999999991119111911191119111911199
99999999999999999999999999999999911199999111999991119111